"","true p-value","permutation","SAMC","perm ARE","SAMC ARE"
"1",0.01,0.0216604152453306,0.00788950501468677,1.16604152453306,0.211049498531323
"2",0.001,0.00238899900752938,0.000653564467853029,1.38899900752938,0.346435532146971
"3",1e-04,0.000237775201172403,5.8004800793765e-05,1.37775201172403,0.41995199206235
"4",1e-05,2.27448497976878e-05,5.18768363810818e-06,1.27448497976878,0.481231636189182
"5",1e-06,1.72799973595357e-06,4.20687868207814e-07,0.727999735953571,0.579312131792186
"6",1e-07,5.34169275338255e-08,3.08012216843068e-08,0.465830724661745,0.691987783156932
"7",1e-08,0,2.82706591470117e-09,1,0.717293408529883
"8",1e-09,0,2.24235074952617e-10,1,0.775764925047383
"9",1e-10,0,1.96513916250751e-11,1,0.803486083749249
